
0.11108536273241043
0.05105731263756752
0.040523700416088104
0.03384062647819519
0.029949698597192764
0.02962544560432434
0.022512543946504593
0.020699050277471542
0.017330702394247055
0.016065943986177444
0.013926893472671509
0.014045704156160355
0.01310252770781517
0.013010181486606598
0.013582631945610046
0.012466542422771454
0.012531012296676636
0.012810122221708298
0.01372569054365158
0.012846898287534714
0.012903943657875061
0.014041244983673096
0.012524053454399109
0.013326078653335571
0.013836391270160675
0.014339730143547058
0.014049060642719269
0.012425892055034637
0.012887224555015564
0.012964829802513123
0.012818999588489532
0.014007993042469025
0.013194769620895386
0.012250937521457672
0.011298127472400665
0.012831471860408783
0.011534914374351501
0.011894576251506805
0.012690290808677673
0.011730298399925232